%YAML:1.0
---
intrinsic: !!opencv-matrix
   rows: 3
   cols: 3
   dt: d
   data: [ 7.4912927912894349e+02, 0., 3.0318401050039716e+02, 0.,
       7.5713534782257750e+02, 2.4925613083444222e+02, 0., 0., 1. ]
distortion: !!opencv-matrix
   rows: 1
   cols: 5
   dt: d
   data: [ -1.4893081899383454e-01, 8.3153054108475344e-01,
       -2.7209057030629590e-04, -1.2225664377719663e-03,
       -2.3541921354716053e+00 ]
RMS: 4.4644189683387847e-01
