%YAML:1.0
---
intrinsic: !!opencv-matrix
   rows: 3
   cols: 3
   dt: f
   data: [ 7.49129272e+02, 0., 3.03184021e+02, 0., 7.57135376e+02,
       2.49256134e+02, 0., 0., 1. ]
distortion: !!opencv-matrix
   rows: 1
   cols: 5
   dt: f
   data: [ -1.48930818e-01, 8.31530511e-01, -2.72090576e-04,
       -1.22256647e-03, -2.35419202e+00 ]
resolution: [ 640, 480 ]
RMS: 4.4644189683387847e-01
