%YAML:1.0
---
intrinsic: !!opencv-matrix
   rows: 3
   cols: 3
   dt: f
   data: [ 7.76381348e+02, 0., 3.69205444e+02, 0., 7.73010864e+02,
       2.39543839e+02, 0., 0., 1. ]
distortion: !!opencv-matrix
   rows: 1
   cols: 5
   dt: f
   data: [ -1.26165301e-01, -1.30150780e-01, -2.72614253e-03,
       3.44755384e-03, 2.73367095e+00 ]
resolution: [ 640, 480 ]
RMS: 5.0921812231105890e-01
