%YAML:1.0
---
intrinsic: !!opencv-matrix
   rows: 3
   cols: 3
   dt: f
   data: [ 7.93852356e+02, 0., 3.77845917e+02, 0., 7.96643677e+02,
       2.20205841e+02, 0., 0., 1. ]
distortion: !!opencv-matrix
   rows: 1
   cols: 5
   dt: f
   data: [ -4.62196469e-02, 1.52137414e-01, -4.29167086e-03,
       1.11674592e-02, -7.25257769e-02 ]
resolution: [ 640, 480 ]
RMS: 2.0365944925985399e-01
