%YAML:1.0
---
intrinsic1: !!opencv-matrix
   rows: 3
   cols: 3
   dt: d
   data: [ 3.6338057175332000e+02, 0., 2.5642271789981970e+02, 0.,
       3.6406922750437235e+02, 2.0284938253328897e+02, 0., 0., 1. ]
distortion1: !!opencv-matrix
   rows: 1
   cols: 5
   dt: d
   data: [ 8.6782529150984083e-02, -3.0465620400177534e-01,
       -3.3977108735993564e-03, 1.1911531714415839e-03,
       1.4221754672068534e-01 ]
RMS1: 1.9146029370771464e-01
intrinsic2: !!opencv-matrix
   rows: 3
   cols: 3
   dt: d
   data: [ 1.0581373927643231e+03, 0., 9.4575585119795539e+02, 0.,
       1.0610057107426685e+03, 5.1298481972935826e+02, 0., 0., 1. ]
distortion2: !!opencv-matrix
   rows: 1
   cols: 5
   dt: d
   data: [ 3.8666620282022848e-02, -3.9987122111629400e-02,
       -9.5013670464433961e-03, -1.2745152046931732e-03,
       -9.5356554769459520e-03 ]
RMS2: 4.3354014394842127e-01
rotation: !!opencv-matrix
   rows: 3
   cols: 3
   dt: d
   data: [ 9.9997227905681851e-01, 5.2287758059638137e-03,
       5.3010396606061752e-03, -5.2554867891912169e-03,
       9.9997350150473430e-01, 5.0374742649273883e-03,
       -5.2745593674722027e-03, -5.0651941652948120e-03,
       9.9997326105828788e-01 ]
translation: !!opencv-matrix
   rows: 1
   cols: 1
   dt: "3d"
   data: [ 5.6319455444830524e+01, 1.2369380813873844e+01,
       3.1557970682765544e+00 ]
