%YAML:1.0
---
intrinsic1: !!opencv-matrix
   rows: 3
   cols: 3
   dt: d
   data: [ 3.5727749380700516e+02, 0., 2.5818700715695650e+02, 0.,
       3.5807518906597414e+02, 2.1113272546363891e+02, 0., 0., 1. ]
distortion1: !!opencv-matrix
   rows: 1
   cols: 5
   dt: d
   data: [ 5.6557634493844919e-02, -1.5365267034250149e-01,
       5.9037691812829159e-04, 3.4876221549197256e-03,
       -5.5923512735806528e-02 ]
RMS1: 1.0885213725098948e+00
intrinsic2: !!opencv-matrix
   rows: 3
   cols: 3
   dt: d
   data: [ 1.0373652487466256e+03, 0., 9.6733842574739560e+02, 0.,
       1.0442949284327417e+03, 5.6653915251927867e+02, 0., 0., 1. ]
distortion2: !!opencv-matrix
   rows: 1
   cols: 5
   dt: d
   data: [ 3.8697811124783635e-03, 7.2423851953214408e-02,
       3.4811576910147462e-03, 6.7498585959174708e-03,
       -1.4062279724594098e-01 ]
RMS2: 5.4413048359030336e-01
rotation: !!opencv-matrix
   rows: 3
   cols: 3
   dt: d
   data: [ 9.9998966924656973e-01, 3.9291878092795754e-03,
       -2.2853628367413745e-03, -3.9551542204691375e-03,
       9.9992638678673307e-01, -1.1470735055835121e-02,
       2.2401239314946346e-03, 1.1479655516968633e-02,
       9.9993159733752957e-01 ]
translation: !!opencv-matrix
   rows: 1
   cols: 1
   dt: "3d"
   data: [ 4.8063183853512200e+01, -3.8116583534018185e+00,
       3.2095825932513011e+00 ]
