%YAML:1.0
---
intrinsic1: !!opencv-matrix
   rows: 3
   cols: 3
   dt: f
   data: [ 1.05813745e+03, 0., 9.45755859e+02, 0., 1.06100574e+03,
       5.12984802e+02, 0., 0., 1. ]
distortion1: !!opencv-matrix
   rows: 1
   cols: 5
   dt: f
   data: [ 3.86665836e-02, -3.99871506e-02, -9.50137246e-03,
       -1.27452170e-03, -9.53541603e-03 ]
resolution1: [ 1920, 1080 ]
RMS1: 4.3353999463501469e-01
intrinsic2: !!opencv-matrix
   rows: 3
   cols: 3
   dt: f
   data: [ 3.63380585e+02, 0., 2.56422729e+02, 0., 3.64069244e+02,
       2.02849380e+02, 0., 0., 1. ]
distortion2: !!opencv-matrix
   rows: 1
   cols: 5
   dt: f
   data: [ 8.67826343e-02, -3.04656863e-01, -3.39770853e-03,
       1.19115610e-03, 1.42218828e-01 ]
resolution2: [ 512, 424 ]
RMS2: 1.9146032997032006e-01
rotation: !!opencv-matrix
   rows: 3
   cols: 3
   dt: f
   data: [ 9.99972284e-01, -5.25549846e-03, -5.27457474e-03,
       5.22878719e-03, 9.99973476e-01, -5.06521109e-03, 5.30105503e-03,
       5.03749074e-03, 9.99973238e-01 ]
translation: !!opencv-matrix
   rows: 3
   cols: 1
   dt: f
   data: [ -5.77635691e-02, -1.26865609e-02, -3.23669356e-03 ]
