%YAML:1.0
---
intrinsic1: !!opencv-matrix
   rows: 3
   cols: 3
   dt: f
   data: [ 1.05813745e+03, 0., 9.45755859e+02, 0., 1.06100574e+03,
       5.12984802e+02, 0., 0., 1. ]
distortion1: !!opencv-matrix
   rows: 1
   cols: 5
   dt: f
   data: [ 3.86666432e-02, -3.99870388e-02, -9.50136501e-03,
       -1.27451343e-03, -9.53587424e-03 ]
resolution1: [ 1920, 1080 ]
RMS1: 4.3354020645676289e-01
intrinsic2: !!opencv-matrix
   rows: 3
   cols: 3
   dt: f
   data: [ 3.63380585e+02, 0., 2.56422729e+02, 0., 3.64069244e+02,
       2.02849380e+02, 0., 0., 1. ]
distortion2: !!opencv-matrix
   rows: 1
   cols: 5
   dt: f
   data: [ 8.67824927e-02, -3.04655820e-01, -3.39770759e-03,
       1.19115715e-03, 1.42216697e-01 ]
resolution2: [ 512, 424 ]
RMS2: 1.9146024408165496e-01
rotation: !!opencv-matrix
   rows: 3
   cols: 3
   dt: f
   data: [ 9.99972284e-01, -5.25549427e-03, -5.27461292e-03,
       5.22878300e-03, 9.99973476e-01, -5.06520225e-03, 5.30109322e-03,
       5.03748190e-03, 9.99973238e-01 ]
translation: !!opencv-matrix
   rows: 3
   cols: 1
   dt: f
   data: [ -5.63194603e-02, -1.23693841e-02, -3.15581402e-03 ]
