<?xml version="1.0"?>
<opencv_storage>
<intrinsic type_id="opencv-matrix">
  <rows>3</rows>
  <cols>3</cols>
  <dt>d</dt>
  <data>
    7.4928519815489778e+02 0. 3.0312066317929259e+02 0.
    7.5722170296610807e+02 2.4908237931170709e+02 0. 0. 1.</data></intrinsic>
<rotation type_id="opencv-matrix">
  <rows>25</rows>
  <cols>1</cols>
  <dt>"3d"</dt>
  <data>
    1.8838817155186380e+00 -1.8414184806171647e+00
    2.1223165731533505e-01 1.8135188199792531e+00
    -1.8632869932089227e+00 1.1521898397002420e-01
    1.7687803942307694e+00 -1.8058167915701573e+00
    -1.1295155330797110e-02 1.7444111435374425e+00
    -1.7674821010649069e+00 -1.8318188380182265e-01
    1.8135188199792525e+00 -1.8632869932089222e+00
    1.1521898397002431e-01 1.7444111435374416e+00
    -1.7674821010649062e+00 -1.8318188380182240e-01
    1.7293187577384848e+00 -1.7361843235249532e+00
    1.2996792566937124e-01 1.7608224373654211e+00
    -1.6565703172026516e+00 2.3491602339812523e-01
    1.7811478391042179e+00 -1.6697471721173527e+00
    3.7854853288143492e-01 1.7859258456174192e+00
    -1.7082197482976753e+00 4.1527551635530197e-01
    1.8328994668761256e+00 -1.7643696625599288e+00
    5.2625673212091206e-01 1.8796495046026547e+00
    -1.7636392986359091e+00 5.5507327142613427e-01
    1.9143909202746854e+00 -1.8174439084348750e+00
    6.2665904042034593e-01 1.9152393117583264e+00
    -1.8021951738396600e+00 6.0824161848257019e-01
    1.9284709402146025e+00 -1.9019242799026581e+00
    6.0493667678491669e-01 1.9076624946952279e+00
    -1.9053767179537016e+00 6.0847265979800857e-01
    1.9198793341798130e+00 -1.9236569519681568e+00
    5.7572778169213934e-01 1.9161033597145349e+00
    -1.9858891397548306e+00 5.0676256255395724e-01
    1.9298082755329724e+00 -2.0226968506246568e+00
    4.7923158616642220e-01 2.0205605263991444e+00
    -2.0608830538290737e+00 3.3186792872591475e-01
    2.0107452558928833e+00 -2.0113867590605699e+00
    3.6291974331059101e-01 1.9997427431659900e+00
    -1.9742145226880004e+00 4.0180817305898459e-01
    1.8824292797315185e+00 -1.8127017682883237e+00
    5.6608757858949144e-01 1.8672675863688328e+00
    -1.7924682708053452e+00 4.8002891784167023e-01
    1.8239841784815529e+00 -1.7719542566231472e+00
    4.8262989495497166e-01</data></rotation>
<translation type_id="opencv-matrix">
  <rows>25</rows>
  <cols>1</cols>
  <dt>"3d"</dt>
  <data>
    1.1262782012269844e+02 4.6166597124922227e+01 3.2990289937695678e+02
    9.5691166896651694e+01 4.6340167072338069e+01 3.1484548799017671e+02
    9.1012007046980074e+01 4.7203059304935756e+01 3.0026102569846790e+02
    8.3743413148126820e+01 3.6955652719721968e+01 2.8404964321764493e+02
    9.5691166896651680e+01 4.6340167072338062e+01 3.1484548799017654e+02
    8.3743413148126763e+01 3.6955652719721947e+01 2.8404964321764464e+02
    6.4569517995641576e+01 2.9483254987357860e+01 2.8601236872832669e+02
    8.7959344417864727e+01 2.6525168491740605e+01 2.9861756124872778e+02
    9.0300902452278834e+01 1.5859811554048141e+01 3.1488705235560241e+02
    1.0798042336407082e+02 3.3254243651111941e+00 3.2495508945271689e+02
    1.0021201087652139e+02 1.3256413683244368e+00 3.4979655998808084e+02
    1.1597550103689416e+02 4.6523378726912110e+00 3.5839541272612240e+02
    9.9206638353939496e+01 1.0413007263896852e+00 3.7859518689030307e+02
    1.2112991851839435e+02 1.3855842516701975e+01 3.8670306047551730e+02
    1.0489850128183842e+02 1.4689179082994066e+01 4.0180191620160855e+02
    1.0851462819382711e+02 3.9466893891132869e+01 4.0470344913389727e+02
    1.1645289343678307e+02 5.9210852800186828e+01 3.9207918127214646e+02
    1.1958551335817681e+02 7.1710014792093219e+01 3.9164169865370980e+02
    1.0908624010006410e+02 7.8083711750051975e+01 3.8745465119124344e+02
    1.0233278155827242e+02 2.7508869621460509e+01 3.7071172124586383e+02
    1.0806733950420019e+02 3.7689668707513754e+01 3.8579135699606093e+02
    1.1154524757627618e+02 4.1110324493952412e+01 4.0804180280262830e+02
    1.0974423784809137e+02 5.3111255461261827e+01 4.1241916722882212e+02
    1.2618540098403140e+02 3.2954584218599344e+01 3.9105777415768529e+02
    1.1959002857811419e+02 3.3277059808060102e+01 3.7024909538677724e+02</data></translation>
<distortion type_id="opencv-matrix">
  <rows>1</rows>
  <cols>5</cols>
  <dt>d</dt>
  <data>
    -1.4685465205546691e-01 7.9998633126210450e-01
    -2.4907665041586303e-04 -1.2347146821137091e-03
    -2.2300145516092544e+00</data></distortion>
</opencv_storage>
