<?xml version="1.0"?>
<opencv_storage>
<intrinsic type_id="opencv-matrix">
  <rows>3</rows>
  <cols>3</cols>
  <dt>d</dt>
  <data>
    7.7638137695782120e+02 0. 3.6920543253543070e+02 0.
    7.7301084382280396e+02 2.3954383773052896e+02 0. 0. 1.</data></intrinsic>
<distortion type_id="opencv-matrix">
  <rows>1</rows>
  <cols>5</cols>
  <dt>d</dt>
  <data>
    -1.2616530223451694e-01 -1.3015077670041872e-01
    -2.7261426170460562e-03 3.4475536757215307e-03
    2.7336708647757035e+00</data></distortion>
<rotation type_id="opencv-matrix">
  <rows>24</rows>
  <cols>1</cols>
  <dt>"3d"</dt>
  <data>
    3.0411086955745774e+00 8.4994470519185739e-02
    -3.8604025969327341e-02 3.0740527531635800e+00
    1.3959026707996779e-02 1.1321520768021943e-01 3.0604131381457496e+00
    3.7855324888388234e-02 1.1528898095992184e-01 3.0585991680312015e+00
    1.1680495218194482e-02 2.0097178225169096e-01
    -3.0358052275293494e+00 6.6779581416616096e-01
    -1.9736440668964297e-01 2.9546736181627731e+00
    -1.0752229207258579e+00 1.8860325395425911e-01
    2.7189016766594825e+00 -1.2325692434274895e+00
    -1.2691488563718731e-01 2.6791139555077930e+00
    -1.3920693557490833e+00 8.7610971823576855e-02
    2.1040261100771178e+00 -2.0022740154299274e+00
    -3.9483583687329113e-02 2.5164371594063351e+00
    -1.6820551650883071e+00 -3.5833808445906179e-01
    2.3811308685316788e+00 -1.5392594134529101e+00
    -3.9570559477571143e-01 -2.7676270704737376e+00
    1.3862211474536519e+00 -4.6404088069835575e-01
    -2.5545259181561590e+00 1.4097097567564856e+00
    -2.5940295090154614e-01 -2.1656736686637514e+00
    1.6643938058134908e+00 -3.7950294837923187e-01
    -1.6083893904576687e+00 2.3040054210616843e+00
    -5.0117577308970629e-01 2.7356291942774669e+00
    -1.4588242230160702e+00 -3.5788714181698411e-01
    2.9266890021714387e+00 -9.4544559236832770e-01
    -5.4548331591062793e-01 -3.0552005760438234e+00
    3.9445524026159767e-01 5.8669978024119851e-01 2.9934640923736047e+00
    -5.0561983592781012e-01 -5.0460846482817301e-01
    2.8797592608661291e+00 -8.9616359222198216e-01
    -1.4635168177757185e-01 2.7390546037869652e+00
    -1.2734620883305612e+00 2.5249873829165767e-03
    2.5172490465307797e+00 -1.7170418021039782e+00
    2.0371263237842169e-01 -2.3395871131792854e+00
    1.6608089385840532e+00 -7.3128585761273757e-01
    -2.2128078983757367e+00 1.5897534184532049e+00
    -9.4955991098191583e-01</data></rotation>
<translation type_id="opencv-matrix">
  <rows>24</rows>
  <cols>1</cols>
  <dt>"3d"</dt>
  <data>
    -1.0647295970026227e+02 1.2736744936091658e+02
    8.7560301219657003e+02 -2.1254899674932275e+02
    1.2788775733659507e+02 6.6906339239910221e+02
    -1.7248009375727815e+02 1.1741145211637927e+02
    6.3528088800953617e+02 -9.9536050759075408e+01
    1.0382536693807302e+02 5.4294919784736385e+02 3.3080277523403900e+00
    1.3180603375783807e+02 6.8269368286549536e+02 3.9143421430776996e+01
    1.3475923525674654e+02 7.7472074395126322e+02
    -1.6207742364007398e+01 1.6151487297559433e+02
    8.4389237355313139e+02 -1.3078093526521536e+02
    1.8183273135001539e+02 9.0987577383767109e+02
    -1.4148736938065949e+00 1.8306962599964805e+02
    8.9689915586155678e+02 1.4647410014177456e+02 1.6728273585663126e+02
    8.0694631930663445e+02 1.8336421745856740e+02 1.7578572788133422e+02
    9.5673238039023636e+02 2.0553024887037640e+02 7.3021768053351778e+01
    1.4218661415747431e+03 2.2668422429392385e+02 3.6042571779127336e+01
    1.2399500322212843e+03 1.2984812144642433e+02 3.9302463305641680e+01
    1.0297455362079920e+03 4.5844656901355258e+01
    -4.5725221426317706e+00 9.1688348321806006e+02
    -6.0249670162339719e+01 1.0243529896835319e+02
    7.5974407639686217e+02 -5.2520426917158055e+01
    1.4649950840374055e+02 6.2366863407499545e+02
    -5.7326989071665196e+01 1.3449941216255709e+02
    5.5078527093341540e+02 -6.7354998296450717e+01
    1.2143932102605868e+02 7.6422547917860595e+02
    -9.8252803581576956e+01 1.1238092617502694e+02
    7.9560639477502673e+02 -8.5359908005933463e+01
    8.8953217792928228e+01 8.4417175347965610e+02
    -1.0482842650068586e+02 8.6306471268569254e+01
    9.1390303923672968e+02 2.2417490459113921e+02 1.4454232054574072e+02
    9.8609588715695008e+02 2.2423238294006563e+02 1.3916293845535023e+02
    9.7722642482275148e+02</data></translation>
<RMS>5.0921812231106001e-01</RMS>
</opencv_storage>
