<?xml version="1.0"?>
<opencv_storage>
<intrinsic type_id="opencv-matrix">
  <rows>3</rows>
  <cols>3</cols>
  <dt>d</dt>
  <data>
    8.0727406236116315e+02 0. 4.0380184461399699e+02 0.
    8.0566476698320230e+02 2.0555457597915441e+02 0. 0. 1.</data></intrinsic>
<distortion type_id="opencv-matrix">
  <rows>1</rows>
  <cols>5</cols>
  <dt>d</dt>
  <data>
    -1.4315344121572285e-01 7.6999491288372157e-01
    2.0342156333717294e-03 2.4684094942268166e-02
    -1.1507571617919785e+00</data></distortion>
<rotation type_id="opencv-matrix">
  <rows>25</rows>
  <cols>1</cols>
  <dt>"3d"</dt>
  <data>
    2.2769982800273025e+00 -2.1156628660139609e+00
    1.7180194818145955e-01 -2.1725417294867428e+00
    1.9161352222523902e+00 -5.7055600068375401e-01
    1.9530052721086810e+00 -1.8135957736291131e+00
    -3.8958201816672666e-01 1.7870628092957490e+00
    -1.7483032212723864e+00 -3.8751227945819183e-01
    1.8339441078254028e+00 -1.7339124204942791e+00
    -1.3223016661470127e-01 6.3009915243068904e-01
    -2.8678951594766700e+00 3.5489013584762119e-01
    7.0051018790318020e-01 -2.8900003301994999e+00
    3.7437238918908200e-01 -2.1212165132794811e+00
    1.7460742928244413e+00 -7.3304249797069476e-01
    -1.9295029478527304e+00 1.6253795539982963e+00
    -8.6921576463250572e-01 -1.8769635683172641e+00
    1.6254931039133425e+00 -9.2873050633637433e-01
    -1.9467614035359315e+00 1.6851977958333648e+00
    -9.0080681837762744e-01 1.7725959516536480e+00
    -2.5376381828539807e+00 6.1331020211154597e-01
    2.0953653086991491e+00 -2.2616947055111898e+00
    4.7959504060706754e-01 2.2727332543756633e+00
    -2.1207967494797888e+00 2.5417729209156043e-01
    -2.4822647621250726e+00 1.8334579441207648e+00
    -1.9952313294275323e-01 -2.2187368049550305e+00
    1.7878730637431692e+00 2.4984952177777597e-01
    -2.0093500279203211e+00 1.7798962535423861e+00
    5.8418326142686816e-01 -2.0143120219234532e+00
    1.7788381299039671e+00 5.3877085326813734e-01
    -2.2452121327436876e+00 1.9730848904312914e+00
    4.6586164924855601e-02 2.3353704945093101e+00
    -2.0651468642494293e+00 8.8278605876257313e-02
    -2.0292929344870898e+00 2.2580033010507239e+00
    -3.1980347037409035e-01 -2.0574709830600897e+00
    2.2740630093934309e+00 -5.4472665117860064e-01
    -2.0674131083851508e+00 2.2659574149936010e+00
    -5.4914201547663699e-01 -2.1855515899219355e+00
    2.0670098261428289e+00 -4.3930869775590059e-01
    2.0528242758278217e+00 -1.9771888473763279e+00
    -3.1737485923445563e-01</data></rotation>
<translation type_id="opencv-matrix">
  <rows>25</rows>
  <cols>1</cols>
  <dt>"3d"</dt>
  <data>
    5.5987949934490118e+01 1.3855580402041940e+02 7.4927233560405716e+02
    -3.9046155559816071e+01 1.1526251674970393e+02
    5.8945012864600756e+02 1.5649581197502792e+02 1.3060723332599036e+02
    7.7433587830571560e+02 1.6860848848975368e+02 1.4653437645748997e+02
    9.7143309694218988e+02 2.4246547679367941e+02 1.7600882351120535e+02
    1.1531328877573935e+03 3.4990006981521784e+00 3.6091938048026144e+01
    1.0287576067766265e+03 -4.1710915084324192e+01
    6.7700998975171473e+01 9.5427546068521849e+02
    -1.6659537364746754e+02 1.5786077054006367e+02
    8.2455417187687340e+02 -1.0409757220498847e+02
    1.4543702981531149e+02 6.4718675892466013e+02
    -9.2564404238884251e+01 1.3560011628092983e+02
    5.6827165680331530e+02 -1.6580959714614831e+01
    1.1970451004922768e+02 5.0889631291880642e+02 6.8122910692233077e+01
    7.9237129598784378e+01 5.2009834418113871e+02 9.6087396395184243e+01
    1.1416993923338570e+02 5.9913506818893154e+02 1.0283670432584097e+02
    1.2413358330124603e+02 6.4894481315591236e+02 4.0663639330401352e+01
    1.1423898899561743e+02 7.7210396766811641e+02 1.0113946604985567e+02
    3.5906260687665153e+01 9.2358457882619496e+02 9.6917592594611207e+01
    2.1166720483643132e+01 9.4707213511383532e+02 9.9179528300060511e+01
    7.5967413391612865e+01 9.1803158689792008e+02 1.4424504636930587e+02
    6.8178973211387941e+01 1.1140798308367537e+03 1.0664679658136218e+02
    1.4397437616572850e+02 1.0667386172130095e+03
    -2.8730606740730508e+01 1.2654066489591304e+02
    1.0409658949984660e+03 -6.4021038716627842e+01
    1.0286093767621082e+02 1.0033336009217057e+03
    -9.1321577918208476e+01 8.1570175215423802e+01
    9.6847455588306855e+02 -3.7121035807813456e+01
    4.3961821819786252e+01 9.0259525861985628e+02 1.6783778964865519e+02
    9.9581681796657946e+01 1.0633283106843935e+03</data></translation>
<RMS>4.8204082031435957e-01</RMS>
</opencv_storage>
