<?xml version="1.0"?>
<opencv_storage>
<intrinsic type_id="opencv-matrix">
  <rows>3</rows>
  <cols>3</cols>
  <dt>d</dt>
  <data>
    7.5131940398641484e+02 0. 3.0087616978803999e+02 0.
    7.5713790988350183e+02 2.4411056077255847e+02 0. 0. 1.</data></intrinsic>
<rotation type_id="opencv-matrix">
  <rows>25</rows>
  <cols>1</cols>
  <dt>"3d"</dt>
  <data>
    1.9078993119197782e+00 -1.8259383260726618e+00
    2.8680223107914421e-01 1.8603164494873721e+00
    -1.7813346813524236e+00 3.8488325584387240e-01
    1.8367507549971407e+00 -1.7513996688020306e+00
    5.3840230533588773e-01 1.8403099265982772e+00
    -1.7772953275780778e+00 5.7556953511854791e-01
    1.8426425779833866e+00 -1.7441913894310428e+00
    6.1508008014304927e-01 1.8301926196737497e+00
    -1.7691131874999495e+00 5.5022165833843606e-01
    1.7549463560071827e+00 -1.6597280245046560e+00
    6.0937649424768192e-01 1.7080761274702940e+00
    -1.6009361893960763e+00 6.4446481372259334e-01
    1.6778864460481901e+00 -1.6030327775004016e+00
    5.6213727675161496e-01 1.6402127973474478e+00
    -1.6494449734314165e+00 3.8513704259513615e-01
    1.6352995226538312e+00 -1.6258175834272293e+00
    2.1165983901840385e-01 1.6507538207420829e+00
    -1.6648804298555659e+00 1.2128740889579210e-02
    1.7969142687712116e+00 -1.6421538488390868e+00
    -2.5588088381229432e-02 1.8588709550864677e+00
    -1.7096907596870163e+00 7.4067801079025233e-02
    1.9162259327731508e+00 -1.7405587544949759e+00
    1.3217670267008647e-01 1.9333001284610729e+00
    -1.8844854530716098e+00 7.3781047683772846e-02
    1.9620320664402231e+00 -1.9475472634089854e+00
    1.4659819067313856e-01 2.0148080094427989e+00
    -1.9680130179994120e+00 2.3390245828698575e-01
    2.0372417422535101e+00 -1.9857246895326406e+00
    2.8196046642774891e-01 2.1094160482093645e+00
    -2.0600432722508732e+00 3.4032607439980861e-01
    2.1444243126064277e+00 -2.0176265332999348e+00
    4.2638693149081469e-01 2.0736925555250698e+00
    -2.0701359460742403e+00 4.2833323393845657e-01
    2.0818063890408998e+00 -2.0761351080305035e+00
    4.5434025785688464e-01 2.1014609238412421e+00
    -1.9954084478787082e+00 5.6123248775706502e-01
    1.9238881884046202e+00 -2.0474068670270680e+00
    6.9663948630143846e-01</data></rotation>
<translation type_id="opencv-matrix">
  <rows>25</rows>
  <cols>1</cols>
  <dt>"3d"</dt>
  <data>
    1.0351714708927430e+02 5.6768368702101206e+01 3.1510365156719246e+02
    1.0761311197613648e+02 3.8840504201457399e+01 3.1997825235187264e+02
    1.0522863846584218e+02 4.3695975099472200e+01 3.9643236207514934e+02
    8.9880969670270957e+01 2.0399015947681949e+01 4.3236819441982738e+02
    8.8414672947127698e+01 3.8264201250555736e+01 4.6466850105743720e+02
    9.9579699030813146e+01 1.7147139732175745e+01 4.1898436705611476e+02
    1.2342355380038067e+02 3.2971667028494373e+01 3.4974462984808491e+02
    1.1441122812810652e+02 3.7047995321414888e+01 3.2291648516555631e+02
    1.0785338400862709e+02 3.8639855583897692e+01 3.0902186843123167e+02
    9.0771031516150003e+01 3.2513057650646381e+01 3.1051491103096009e+02
    9.0843450002374752e+01 3.8872501226359553e+01 3.2323898234460120e+02
    6.9628459505369975e+01 1.2144552391350709e+01 3.1551594137118997e+02
    8.3822415359620550e+01 3.6044869392469046e+01 3.1148497294726440e+02
    7.7459737509926299e+01 3.7940120121248547e+01 3.2895960292844717e+02
    8.6042144249352802e+01 4.9006990488972981e+01 3.3661378837325356e+02
    8.7308907760350451e+01 3.5236708626552748e+01 3.4193057802985720e+02
    7.4554416698041692e+01 4.6199966659596043e+01 3.4865452187889741e+02
    8.6276142430136829e+01 5.6280987193825631e+01 3.5888802891918499e+02
    1.0635494670883760e+02 4.8620233711982273e+01 3.7210134156606523e+02
    8.6667906149524043e+01 3.8499250452941631e+01 3.7732634434512522e+02
    9.4702551536434655e+01 5.3824501898692610e+01 3.8527206815515262e+02
    1.2656555888427569e+02 5.7781896321131050e+01 4.0154064480398551e+02
    1.0407028903864324e+02 6.1479638392553341e+01 3.8666856371613119e+02
    8.3786156733510879e+01 5.3262656015332517e+01 3.7814907354042947e+02
    1.0247745636392501e+02 4.8966801500439082e+01 4.0742328725192783e+02</data></translation>
<distortion type_id="opencv-matrix">
  <rows>1</rows>
  <cols>5</cols>
  <dt>d</dt>
  <data>
    -1.2847967460306020e-01 7.4576811765003226e-01
    1.0909027421615772e-04 -1.8669828233068189e-03
    -2.8817481492516128e+00</data></distortion>
</opencv_storage>
